1714429752,79.0,4.859
1714429752,79.0,4.859
1714429752,79.0,4.859
1714429752,79.0,4.859
1714429752,79.0,4.859
1714429752,79.0,4.859
1714429752,79.0,4.859
1714429842,60.0,6.22
1714429842,60.0,6.22
1714429842,60.0,6.22
1714429842,60.0,6.22
1714429842,60.0,6.22
1714429842,60.0,6.22
1714429842,60.0,6.22
1714429842,60.0,6.22
1714429842,60.0,6.22
1714429842,60.0,6.22
1714429842,60.0,6.22
1714430007,80.0,4.665
1714430007,80.0,4.665
1714430007,80.0,4.665
1714430007,80.0,4.665
1714430127,68.0,4.276
1714430127,68.0,4.276
1714430127,68.0,4.276
1714430127,68.0,4.276
1714430127,68.0,4.276
1714430277,29.0,5.831
1714430310,54.0,5.443
1714430310,54.0,5.443
1714430310,54.0,5.443
1714430310,54.0,5.443
1714430310,54.0,5.443
1714430310,54.0,5.443
1714430310,54.0,5.443
1714430310,54.0,5.443
1714430310,54.0,5.443
1714430310,54.0,5.443
1714430310,54.0,5.443
1714430310,54.0,5.443
1714430310,54.0,5.443
1714430310,54.0,5.443
1714430310,54.0,5.443
1714430310,54.0,5.443
1714430310,54.0,5.443
1714430310,54.0,5.443
1714430310,54.0,5.443
1714430310,54.0,5.443
1714430310,54.0,5.443
1714430310,54.0,5.443
1714430310,54.0,5.443
1714430310,54.0,5.443
1714430310,54.0,5.443
1714430310,54.0,5.443
1714430310,54.0,5.443
1714430310,54.0,5.443
1714430310,54.0,5.443
1714430310,54.0,5.443
1714430310,54.0,5.443
1714430373,42.0,5.054
1714430373,42.0,5.054
1714430373,42.0,5.054
1714430373,42.0,5.054
1714430373,42.0,5.054
1714430409,49.0,4.859
1714430409,49.0,4.859
1714430409,49.0,4.859
1714430409,49.0,4.859
1714430409,49.0,4.859
1714430409,49.0,4.859
1714430409,49.0,4.859
1714430409,49.0,4.859
1714430409,49.0,4.859
1714430409,49.0,4.859
1714430409,49.0,4.859
1714430409,49.0,4.859
1714430409,49.0,4.859
1714430409,49.0,4.859
1714430409,49.0,4.859
1714430409,49.0,4.859
1714430409,49.0,4.859
1714430409,49.0,4.859
1714430409,49.0,4.859
1714430409,49.0,4.859
1714430409,49.0,4.859
1714430409,49.0,4.859
1714430409,49.0,4.859
1714430409,49.0,4.859
1714430409,49.0,4.859
1714430409,49.0,4.859
1714430409,49.0,4.859
1714430508,42.0,6.026
1714430508,42.0,6.026
1714430508,42.0,6.026
1714430508,42.0,6.026
1714430508,42.0,6.026
1714430508,42.0,6.026
1714430508,42.0,6.026
1714430541,53.0,5.443
1714430541,53.0,5.443
1714430541,53.0,5.443
1714430541,53.0,5.443
1714430541,53.0,5.443
1714430541,53.0,5.443
1714430541,53.0,5.443
1714430541,53.0,5.443
1714430541,53.0,5.443
1714430541,53.0,5.443
1714430541,53.0,5.443
1714430541,53.0,5.443
1714430541,53.0,5.443
1714430574,28.0,5.443
1714430574,28.0,5.443
1714430574,28.0,5.443
1714430574,28.0,5.443
1714430574,28.0,5.443
1714430574,28.0,5.443
1714430574,28.0,5.443
1714430574,28.0,5.443
1714430574,28.0,5.443
1714430574,28.0,5.443
1714430574,28.0,5.443
1714430574,28.0,5.443
1714430574,28.0,5.443
1714430574,28.0,5.443
1714430574,28.0,5.443
1714430574,28.0,5.443
1714430574,28.0,5.443
1714430574,28.0,5.443
1714430574,28.0,5.443
1714430574,28.0,5.443
1714430574,28.0,5.443
1714430574,28.0,5.443
1714430574,28.0,5.443
1714430574,28.0,5.443
1714430574,28.0,5.443
1714430574,28.0,5.443
1714430574,28.0,5.443
1714430604,34.0,6.22
1714430604,34.0,6.22
1714430604,34.0,6.22
1714430604,34.0,6.22
1714430604,34.0,6.22
1714430604,34.0,6.22
1714430604,34.0,6.22
1714430604,34.0,6.22
1714430604,34.0,6.22
1714430604,34.0,6.22
1714430604,34.0,6.22
1714430604,34.0,6.22
1714430604,34.0,6.22
1714430604,34.0,6.22
1714430604,34.0,6.22
1714430604,34.0,6.22
1714430604,34.0,6.22
1714430604,34.0,6.22
1714430604,34.0,6.22
1714430604,34.0,6.22
1714430604,34.0,6.22
1714430604,34.0,6.22
1714430631,46.0,6.026
1714430745,28.0,4.276
1714430745,28.0,4.276
1714430745,28.0,4.276
1714430745,28.0,4.276
1714430745,28.0,4.276
1714430745,28.0,4.276
1714430745,28.0,4.276
1714430745,28.0,4.276
1714430745,28.0,4.276
1714430745,28.0,4.276
1714430745,28.0,4.276
1714430745,28.0,4.276
1714430745,28.0,4.276
1714430745,28.0,4.276
1714430745,28.0,4.276
1714430745,28.0,4.276
1714430745,28.0,4.276
1714430745,28.0,4.276
1714430745,28.0,4.276
1714430745,28.0,4.276
1714430775,16.0,2.916
1714430805,48.0,3.888
1714430805,48.0,3.888
1714430805,48.0,3.888
1714430805,48.0,3.888
1714430805,48.0,3.888
1714430805,48.0,3.888
1714430805,48.0,3.888
1714430805,48.0,3.888
1714430805,48.0,3.888
1714430805,48.0,3.888
1714430805,48.0,3.888
1714430805,48.0,3.888
1714430805,48.0,3.888
1714430805,48.0,3.888
1714430805,48.0,3.888
1714430805,48.0,3.888
1714430805,48.0,3.888
1714430805,48.0,3.888
1714430805,48.0,3.888
1714430805,48.0,3.888
1714430805,48.0,3.888
1714430835,58.0,5.248
1714430835,58.0,5.248
1714430835,58.0,5.248
1714430835,58.0,5.248
1714430835,58.0,5.248
1714430835,58.0,5.248
1714430835,58.0,5.248
1714430835,58.0,5.248
1714430835,58.0,5.248
1714430835,58.0,5.248
1714430835,58.0,5.248
1714430835,58.0,5.248
1714430835,58.0,5.248
1714430835,58.0,5.248
1714430835,58.0,5.248
1714430835,58.0,5.248
1714430835,58.0,5.248
1714430835,58.0,5.248
1714430835,58.0,5.248
1714430835,58.0,5.248
1714430835,58.0,5.248
1714430835,58.0,5.248
1714430835,58.0,5.248
1714430835,58.0,5.248
1714430835,58.0,5.248
1714430835,58.0,5.248
1714430835,58.0,5.248
1714430835,58.0,5.248
1714430835,58.0,5.248
1714430835,58.0,5.248
1714430865,38.0,4.276
1714430865,38.0,4.276
1714430865,38.0,4.276
1714430865,38.0,4.276
1714430865,38.0,4.276
1714430865,38.0,4.276
1714430865,38.0,4.276
1714430865,38.0,4.276
1714430865,38.0,4.276
1714430865,38.0,4.276
1714430865,38.0,4.276
1714430865,38.0,4.276
1714430865,38.0,4.276
1714430865,38.0,4.276
1714431018,10.0,4.082
1714431018,10.0,4.082
1714431018,10.0,4.082
1714431018,10.0,4.082
1714431018,10.0,4.082
1714431018,10.0,4.082
1714431018,10.0,4.082
1714431018,10.0,4.082
1714431018,10.0,4.082
1714431018,10.0,4.082
1714431018,10.0,4.082
1714431018,10.0,4.082
1714431018,10.0,4.082
1714431018,10.0,4.082
1714431018,10.0,4.082
1714431018,10.0,4.082
1714431051,30.0,4.859
1714431051,30.0,4.859
1714431051,30.0,4.859
1714431051,30.0,4.859
1714431051,30.0,4.859
1714431051,30.0,4.859
1714431051,30.0,4.859
1714431051,30.0,4.859
1714431051,30.0,4.859
1714431051,30.0,4.859
1714431051,30.0,4.859
1714431051,30.0,4.859
1714431051,30.0,4.859
1714431051,30.0,4.859
1714431051,30.0,4.859
1714431051,30.0,4.859
1714431051,30.0,4.859
1714431051,30.0,4.859
1714431051,30.0,4.859
1714431051,30.0,4.859
1714431051,30.0,4.859
1714431051,30.0,4.859
1714431051,30.0,4.859
1714431051,30.0,4.859
1714431051,30.0,4.859
1714431051,30.0,4.859
1714431051,30.0,4.859
1714431051,30.0,4.859
1714431051,30.0,4.859
1714431051,30.0,4.859
1714431051,30.0,4.859
1714431114,9.0,3.693
1714431114,9.0,3.693
1714431114,9.0,3.693
1714431114,9.0,3.693
1714431114,9.0,3.693
1714431114,9.0,3.693
1714431114,9.0,3.693
1714431114,9.0,3.693
1714431114,9.0,3.693
1714431114,9.0,3.693
1714431114,9.0,3.693
1714431114,9.0,3.693
1714431114,9.0,3.693
1714431114,9.0,3.693
1714431114,9.0,3.693
1714431114,9.0,3.693
1714431114,9.0,3.693
1714431114,9.0,3.693
1714431114,9.0,3.693
1714431114,9.0,3.693
1714431114,9.0,3.693
1714431114,9.0,3.693
1714431114,9.0,3.693
1714431114,9.0,3.693
1714431114,9.0,3.693
1714431114,9.0,3.693
1714431141,17.0,4.471
1714431141,17.0,4.471
1714431141,17.0,4.471
1714431141,17.0,4.471
1714431141,17.0,4.471
1714431141,17.0,4.471
1714431141,17.0,4.471
1714431141,17.0,4.471
1714431141,17.0,4.471
1714431141,17.0,4.471
1714431141,17.0,4.471
1714431141,17.0,4.471
1714431141,17.0,4.471
1714431141,17.0,4.471
1714431141,17.0,4.471
1714431141,17.0,4.471
1714431141,17.0,4.471
1714431141,17.0,4.471
1714431141,17.0,4.471
1714431183,26.0,6.803
1714431183,26.0,6.803
1714431183,26.0,6.803
1714431183,26.0,6.803
1714431222,19.0,6.026
1714431222,19.0,6.026
1714431222,19.0,6.026
1714431222,19.0,6.026
1714431222,19.0,6.026
1714431222,19.0,6.026
1714431222,19.0,6.026
1714431222,19.0,6.026
1714431222,19.0,6.026
1714431222,19.0,6.026
1714431222,19.0,6.026
1714431222,19.0,6.026
1714431222,19.0,6.026
1714431222,19.0,6.026
1714431222,19.0,6.026
1714431222,19.0,6.026
1714431222,19.0,6.026
1714431222,19.0,6.026
1714431222,19.0,6.026
1714431255,21.0,6.026
1714431255,21.0,6.026
1714431255,21.0,6.026
1714431255,21.0,6.026
1714431255,21.0,6.026
1714431255,21.0,6.026
1714431255,21.0,6.026
1714431255,21.0,6.026
1714431255,21.0,6.026
1714431255,21.0,6.026
1714431255,21.0,6.026
1714431255,21.0,6.026
1714431255,21.0,6.026
1714431255,21.0,6.026
1714431255,21.0,6.026
1714431255,21.0,6.026
1714431255,21.0,6.026
1714431255,21.0,6.026
1714431255,21.0,6.026
1714431255,21.0,6.026
1714431255,21.0,6.026
1714431255,21.0,6.026
1714431255,21.0,6.026
1714431255,21.0,6.026
1714431255,21.0,6.026
1714431255,21.0,6.026
1714431255,21.0,6.026
1714431255,21.0,6.026
1714431300,39.0,6.998
1714431300,39.0,6.998
1714431300,39.0,6.998
1714431300,39.0,6.998
1714431300,39.0,6.998
1714431300,39.0,6.998
1714431300,39.0,6.998
1714431300,39.0,6.998
1714431300,39.0,6.998
1714431300,39.0,6.998
1714431300,39.0,6.998
1714431300,39.0,6.998
1714431300,39.0,6.998
1714431300,39.0,6.998
1714431300,39.0,6.998
1714431300,39.0,6.998
1714431300,39.0,6.998
1714431300,39.0,6.998
1714431300,39.0,6.998
1714431300,39.0,6.998
1714431300,39.0,6.998
1714431300,39.0,6.998
1714431300,39.0,6.998
1714431300,39.0,6.998
1714431300,39.0,6.998
1714431300,39.0,6.998
1714431300,39.0,6.998
1714431300,39.0,6.998
1714431300,39.0,6.998
1714431300,39.0,6.998
1714431300,39.0,6.998
1714431300,39.0,6.998
1714431300,39.0,6.998
1714431300,39.0,6.998
1714431300,39.0,6.998
1714431300,39.0,6.998
1714431300,39.0,6.998
1714431300,39.0,6.998
1714431300,39.0,6.998
1714431300,39.0,6.998
1714431339,45.0,6.609
1714431339,45.0,6.609
1714431339,45.0,6.609
1714431339,45.0,6.609
1714431339,45.0,6.609
1714431339,45.0,6.609
1714431339,45.0,6.609
1714431339,45.0,6.609
1714431339,45.0,6.609
1714431339,45.0,6.609
1714431339,45.0,6.609
1714431339,45.0,6.609
1714431339,45.0,6.609
1714431339,45.0,6.609
1714431339,45.0,6.609
1714431339,45.0,6.609
1714431339,45.0,6.609
1714431339,45.0,6.609
1714431339,45.0,6.609
1714431339,45.0,6.609
1714431339,45.0,6.609
1714431339,45.0,6.609
1714431339,45.0,6.609
1714431339,45.0,6.609
1714431339,45.0,6.609
1714431339,45.0,6.609
1714431339,45.0,6.609
1714431339,45.0,6.609
1714431339,45.0,6.609
1714431339,45.0,6.609
1714431339,45.0,6.609
1714431339,45.0,6.609
1714431339,45.0,6.609
1714431339,45.0,6.609
1714431339,45.0,6.609
1714431339,45.0,6.609
1714431339,45.0,6.609
1714431378,29.0,6.998
1714431378,29.0,6.998
1714431378,29.0,6.998
1714431378,29.0,6.998
1714431378,29.0,6.998
1714431378,29.0,6.998
1714431378,29.0,6.998
1714431378,29.0,6.998
1714431378,29.0,6.998
1714431378,29.0,6.998
1714431378,29.0,6.998
1714431378,29.0,6.998
1714431378,29.0,6.998
1714431378,29.0,6.998
1714431378,29.0,6.998
1714431378,29.0,6.998
1714431378,29.0,6.998
1714431378,29.0,6.998
1714431378,29.0,6.998
1714431378,29.0,6.998
1714431378,29.0,6.998
1714431378,29.0,6.998
1714431378,29.0,6.998
1714431378,29.0,6.998
1714431378,29.0,6.998
1714431378,29.0,6.998
1714431378,29.0,6.998
1714431378,29.0,6.998
1714431378,29.0,6.998
1714431378,29.0,6.998
1714431378,29.0,6.998
1714431408,19.0,6.998
1714431408,19.0,6.998
1714431408,19.0,6.998
1714431408,19.0,6.998
1714431408,19.0,6.998
1714431408,19.0,6.998
1714431408,19.0,6.998
1714431408,19.0,6.998
1714431408,19.0,6.998
1714431408,19.0,6.998
1714431408,19.0,6.998
1714431408,19.0,6.998
1714431408,19.0,6.998
1714431408,19.0,6.998
1714431408,19.0,6.998
1714431408,19.0,6.998
1714431408,19.0,6.998
1714431408,19.0,6.998
1714431408,19.0,6.998
1714431408,19.0,6.998
1714431408,19.0,6.998
1714431408,19.0,6.998
1714431408,19.0,6.998
1714431408,19.0,6.998
1714431408,19.0,6.998
1714431408,19.0,6.998
1714431408,19.0,6.998
1714431408,19.0,6.998
1714431408,19.0,6.998
1714431408,19.0,6.998
1714431438,14.0,7.775
1714431438,14.0,7.775
1714431438,14.0,7.775
1714431438,14.0,7.775
1714431438,14.0,7.775
1714431438,14.0,7.775
1714431438,14.0,7.775
1714431438,14.0,7.775
1714431438,14.0,7.775
1714431438,14.0,7.775
1714431438,14.0,7.775
1714431438,14.0,7.775
1714431438,14.0,7.775
1714431438,14.0,7.775
1714431438,14.0,7.775
1714431438,14.0,7.775
1714431438,14.0,7.775
1714431438,14.0,7.775
1714431438,14.0,7.775
1714431438,14.0,7.775
1714431438,14.0,7.775
1714431438,14.0,7.775
1714431438,14.0,7.775
1714431438,14.0,7.775
1714431438,14.0,7.775
1714431438,14.0,7.775
1714431438,14.0,7.775
1714431438,14.0,7.775
1714431438,14.0,7.775
1714431438,14.0,7.775
1714431468,31.0,9.33
1714431468,31.0,9.33
1714431468,31.0,9.33
1714431468,31.0,9.33
1714431468,31.0,9.33
1714431468,31.0,9.33
1714431468,31.0,9.33
1714431468,31.0,9.33
1714431468,31.0,9.33
1714431468,31.0,9.33
1714431468,31.0,9.33
1714431468,31.0,9.33
1714431468,31.0,9.33
1714431468,31.0,9.33
1714431468,31.0,9.33
1714431468,31.0,9.33
1714431468,31.0,9.33
1714431468,31.0,9.33
1714431468,31.0,9.33
1714431468,31.0,9.33
1714431468,31.0,9.33
1714431468,31.0,9.33
1714431468,31.0,9.33
1714431468,31.0,9.33
1714431468,31.0,9.33
1714431468,31.0,9.33
1714431468,31.0,9.33
1714431468,31.0,9.33
1714431468,31.0,9.33
1714431468,31.0,9.33
1714431468,31.0,9.33
1714431468,31.0,9.33
1714431498,12.0,8.747
1714431498,12.0,8.747
1714431498,12.0,8.747
1714431498,12.0,8.747
1714431498,12.0,8.747
1714431498,12.0,8.747
1714431498,12.0,8.747
1714431498,12.0,8.747
1714431498,12.0,8.747
1714431498,12.0,8.747
1714431498,12.0,8.747
1714431498,12.0,8.747
1714431498,12.0,8.747
1714431498,12.0,8.747
1714431498,12.0,8.747
1714431498,12.0,8.747
1714431498,12.0,8.747
1714431498,12.0,8.747
1714431498,12.0,8.747
1714431498,12.0,8.747
1714431498,12.0,8.747
1714431498,12.0,8.747
1714431498,12.0,8.747
1714431498,12.0,8.747
1714431498,12.0,8.747
1714431498,12.0,8.747
1714431498,12.0,8.747
1714431498,12.0,8.747
1714431498,12.0,8.747
1714431498,12.0,8.747
1714431528,33.0,9.136
1714431528,33.0,9.136
1714431528,33.0,9.136
1714431528,33.0,9.136
1714431528,33.0,9.136
1714431528,33.0,9.136
1714431528,33.0,9.136
1714431528,33.0,9.136
1714431528,33.0,9.136
1714431528,33.0,9.136
1714431528,33.0,9.136
1714431528,33.0,9.136
1714431528,33.0,9.136
1714431528,33.0,9.136
1714431528,33.0,9.136
1714431528,33.0,9.136
1714431528,33.0,9.136
1714431528,33.0,9.136
1714431528,33.0,9.136
1714431528,33.0,9.136
1714431528,33.0,9.136
1714431528,33.0,9.136
1714431528,33.0,9.136
1714431528,33.0,9.136
1714431528,33.0,9.136
1714431528,33.0,9.136
1714431528,33.0,9.136
1714431528,33.0,9.136
1714431528,33.0,9.136
1714431528,33.0,9.136
1714431561,42.0,10.302
1714431561,42.0,10.302
1714431561,42.0,10.302
1714431561,42.0,10.302
1714431561,42.0,10.302
1714431561,42.0,10.302
1714431561,42.0,10.302
1714431561,42.0,10.302
1714431561,42.0,10.302
1714431561,42.0,10.302
1714431561,42.0,10.302
1714431561,42.0,10.302
1714431561,42.0,10.302
1714431561,42.0,10.302
1714431561,42.0,10.302
1714431561,42.0,10.302
1714431561,42.0,10.302
1714431561,42.0,10.302
1714431561,42.0,10.302
1714431561,42.0,10.302
1714431561,42.0,10.302
1714431561,42.0,10.302
1714431561,42.0,10.302
1714431561,42.0,10.302
1714431561,42.0,10.302
1714431561,42.0,10.302
1714431561,42.0,10.302
1714431561,42.0,10.302
1714431561,42.0,10.302
1714431561,42.0,10.302
1714431561,42.0,10.302
1714431561,42.0,10.302
1714431561,42.0,10.302
1714431561,42.0,10.302
1714431594,39.0,7.775
1714431594,39.0,7.775
1714431594,39.0,7.775
1714431594,39.0,7.775
1714431594,39.0,7.775
1714431594,39.0,7.775
1714431594,39.0,7.775
1714431594,39.0,7.775
1714431594,39.0,7.775
1714431594,39.0,7.775
1714431594,39.0,7.775
1714431594,39.0,7.775
1714431594,39.0,7.775
1714431594,39.0,7.775
1714431594,39.0,7.775
1714431594,39.0,7.775
1714431594,39.0,7.775
1714431594,39.0,7.775
1714431594,39.0,7.775
1714431594,39.0,7.775
1714431594,39.0,7.775
1714431594,39.0,7.775
1714431594,39.0,7.775
1714431594,39.0,7.775
1714431594,39.0,7.775
1714431594,39.0,7.775
1714431594,39.0,7.775
1714431594,39.0,7.775
1714431594,39.0,7.775
1714431594,39.0,7.775
1714431624,38.0,7.192
1714431624,38.0,7.192
1714431624,38.0,7.192
1714431624,38.0,7.192
1714431624,38.0,7.192
1714431624,38.0,7.192
1714431624,38.0,7.192
1714431624,38.0,7.192
1714431624,38.0,7.192
1714431624,38.0,7.192
1714431624,38.0,7.192
1714431624,38.0,7.192
1714431624,38.0,7.192
1714431624,38.0,7.192
1714431624,38.0,7.192
1714431624,38.0,7.192
1714431624,38.0,7.192
1714431624,38.0,7.192
1714431624,38.0,7.192
1714431624,38.0,7.192
1714431624,38.0,7.192
1714431624,38.0,7.192
1714431624,38.0,7.192
1714431624,38.0,7.192
1714431624,38.0,7.192
1714431624,38.0,7.192
1714431624,38.0,7.192
1714431651,33.0,8.164
1714431651,33.0,8.164
1714431651,33.0,8.164
1714431651,33.0,8.164
1714431651,33.0,8.164
1714431651,33.0,8.164
1714431651,33.0,8.164
1714431651,33.0,8.164
1714431651,33.0,8.164
1714431651,33.0,8.164
1714431651,33.0,8.164
1714431651,33.0,8.164
1714431651,33.0,8.164
1714431651,33.0,8.164
1714431651,33.0,8.164
1714431651,33.0,8.164
1714431651,33.0,8.164
1714431651,33.0,8.164
1714431651,33.0,8.164
1714431651,33.0,8.164
1714431651,33.0,8.164
1714431651,33.0,8.164
1714431651,33.0,8.164
1714431651,33.0,8.164
1714431651,33.0,8.164
1714431651,33.0,8.164
1714431651,33.0,8.164
1714431651,33.0,8.164
1714431651,33.0,8.164
1714431651,33.0,8.164
1714431651,33.0,8.164
1714431681,23.0,8.164
1714431681,23.0,8.164
1714431681,23.0,8.164
1714431681,23.0,8.164
1714431681,23.0,8.164
1714431681,23.0,8.164
1714431681,23.0,8.164
1714431681,23.0,8.164
1714431681,23.0,8.164
1714431681,23.0,8.164
1714431681,23.0,8.164
1714431681,23.0,8.164
1714431681,23.0,8.164
1714431681,23.0,8.164
1714431681,23.0,8.164
1714431681,23.0,8.164
1714431681,23.0,8.164
1714431681,23.0,8.164
1714431681,23.0,8.164
1714431681,23.0,8.164
1714431681,23.0,8.164
1714431681,23.0,8.164
1714431681,23.0,8.164
1714431681,23.0,8.164
1714431681,23.0,8.164
1714431681,23.0,8.164
1714431681,23.0,8.164
1714431681,23.0,8.164
1714431681,23.0,8.164
1714431681,23.0,8.164
1714431711,18.0,8.553
1714431711,18.0,8.553
1714431711,18.0,8.553
1714431711,18.0,8.553
1714431711,18.0,8.553
1714431711,18.0,8.553
1714431711,18.0,8.553
1714431711,18.0,8.553
1714431711,18.0,8.553
1714431711,18.0,8.553
1714431711,18.0,8.553
1714431711,18.0,8.553
1714431711,18.0,8.553
1714431711,18.0,8.553
1714431711,18.0,8.553
1714431711,18.0,8.553
1714431711,18.0,8.553
1714431711,18.0,8.553
1714431711,18.0,8.553
1714431711,18.0,8.553
1714431711,18.0,8.553
1714431711,18.0,8.553
1714431711,18.0,8.553
1714431711,18.0,8.553
1714431711,18.0,8.553
1714431711,18.0,8.553
1714431711,18.0,8.553
1714431711,18.0,8.553
1714431711,18.0,8.553
1714431711,18.0,8.553
1714431711,18.0,8.553
1714431741,24.0,10.108
1714431741,24.0,10.108
1714431741,24.0,10.108
1714431741,24.0,10.108
1714431741,24.0,10.108
1714431741,24.0,10.108
1714431741,24.0,10.108
1714431741,24.0,10.108
1714431741,24.0,10.108
1714431741,24.0,10.108
1714431741,24.0,10.108
1714431741,24.0,10.108
1714431741,24.0,10.108
1714431741,24.0,10.108
1714431741,24.0,10.108
1714431741,24.0,10.108
1714431741,24.0,10.108
1714431741,24.0,10.108
1714431741,24.0,10.108
1714431741,24.0,10.108
1714431741,24.0,10.108
1714431741,24.0,10.108
1714431741,24.0,10.108
1714431741,24.0,10.108
1714431741,24.0,10.108
1714431741,24.0,10.108
1714431741,24.0,10.108
1714431741,24.0,10.108
1714431741,24.0,10.108
1714431741,24.0,10.108
1714431741,24.0,10.108
1714431774,20.0,8.941
1714431774,20.0,8.941
1714431774,20.0,8.941
1714431774,20.0,8.941
1714431774,20.0,8.941
1714431774,20.0,8.941
1714431774,20.0,8.941
1714431774,20.0,8.941
1714431774,20.0,8.941
1714431774,20.0,8.941
1714431774,20.0,8.941
1714431774,20.0,8.941
1714431774,20.0,8.941
1714431774,20.0,8.941
1714431774,20.0,8.941
1714431774,20.0,8.941
1714431774,20.0,8.941
1714431774,20.0,8.941
1714431774,20.0,8.941
1714431774,20.0,8.941
1714431774,20.0,8.941
1714431774,20.0,8.941
1714431774,20.0,8.941
1714431774,20.0,8.941
1714431774,20.0,8.941
1714431774,20.0,8.941
1714431774,20.0,8.941
1714431801,23.0,8.358
1714431801,23.0,8.358
1714431801,23.0,8.358
1714431801,23.0,8.358
1714431801,23.0,8.358
1714431801,23.0,8.358
1714431801,23.0,8.358
1714431801,23.0,8.358
1714431801,23.0,8.358
1714431801,23.0,8.358
1714431801,23.0,8.358
1714431801,23.0,8.358
1714431801,23.0,8.358
1714431801,23.0,8.358
1714431801,23.0,8.358
1714431801,23.0,8.358
1714431801,23.0,8.358
1714431801,23.0,8.358
1714431801,23.0,8.358
1714431801,23.0,8.358
1714431801,23.0,8.358
1714431801,23.0,8.358
1714431801,23.0,8.358
1714431801,23.0,8.358
1714431801,23.0,8.358
1714431801,23.0,8.358
1714431801,23.0,8.358
1714431828,12.0,7.775
1714431828,12.0,7.775
1714431828,12.0,7.775
1714431828,12.0,7.775
1714431828,12.0,7.775
1714431828,12.0,7.775
1714431828,12.0,7.775
1714431828,12.0,7.775
1714431828,12.0,7.775
1714431828,12.0,7.775
1714431828,12.0,7.775
1714431828,12.0,7.775
1714431828,12.0,7.775
1714431828,12.0,7.775
1714431828,12.0,7.775
1714431828,12.0,7.775
1714431828,12.0,7.775
1714431828,12.0,7.775
1714431828,12.0,7.775
1714431828,12.0,7.775
1714431828,12.0,7.775
1714431828,12.0,7.775
1714432191,9.0,8.941
1714432191,9.0,8.941
1714432191,9.0,8.941
1714432191,9.0,8.941
1714432191,9.0,8.941
1714432191,9.0,8.941
1714432191,9.0,8.941
1714432191,9.0,8.941
1714432191,9.0,8.941
1714432191,9.0,8.941
1714432191,9.0,8.941
1714432191,9.0,8.941
1714432221,10.0,8.358
1714432221,10.0,8.358
1714432221,10.0,8.358
1714432221,10.0,8.358
1714432221,10.0,8.358
1714432221,10.0,8.358
1714432221,10.0,8.358
1714432221,10.0,8.358
1714432221,10.0,8.358
1714432221,10.0,8.358
1714432221,10.0,8.358
1714432221,10.0,8.358
1714432221,10.0,8.358
1714432221,10.0,8.358
1714432221,10.0,8.358
1714432221,10.0,8.358
1714432221,10.0,8.358
1714432221,10.0,8.358
1714432584,5.0,11.857
1714432584,5.0,11.857
1714432584,5.0,11.857
1714432584,5.0,11.857
1714432611,8.0,11.274
1714432611,8.0,11.274
1714432611,8.0,11.274
1714432611,8.0,11.274
1714432611,8.0,11.274
1714432611,8.0,11.274
1714432611,8.0,11.274
1714432611,8.0,11.274
1714432611,8.0,11.274
1714432611,8.0,11.274
1714432611,8.0,11.274
1714432611,8.0,11.274
1714432611,8.0,11.274
1714432611,8.0,11.274
1714432764,14.0,8.358
1714432764,14.0,8.358
1714432764,14.0,8.358
1714432803,1.0,7.581
1714432803,1.0,7.581
1714432803,1.0,7.581
1714432803,1.0,7.581
1714432803,1.0,7.581
1714432803,1.0,7.581
1714432803,1.0,7.581
1714432803,1.0,7.581
1714432803,1.0,7.581
1714432803,1.0,7.581
1714432803,1.0,7.581
1714432803,1.0,7.581
1714432803,1.0,7.581
1714432803,1.0,7.581
1714432803,1.0,7.581
1714432803,1.0,7.581
1714432803,1.0,7.581
1714432803,1.0,7.581
1714432803,1.0,7.581
1714432803,1.0,7.581
1714432803,1.0,7.581
1714432803,1.0,7.581
1714432803,1.0,7.581
1714432803,1.0,7.581
1714432803,1.0,7.581
1714432803,1.0,7.581
1714432803,1.0,7.581
1714432803,1.0,7.581
1714432803,1.0,7.581
1714432833,6.0,9.719
1714432833,6.0,9.719
1714432863,359.0,9.33
1714432863,359.0,9.33
1714432863,359.0,9.33
1714432863,359.0,9.33
1714432863,359.0,9.33
1714432863,359.0,9.33
1714432863,359.0,9.33
1714432863,359.0,9.33
1714432863,359.0,9.33
1714432863,359.0,9.33
1714432863,359.0,9.33
1714432863,359.0,9.33
1714432863,359.0,9.33
1714432863,359.0,9.33
1714432863,359.0,9.33
1714432863,359.0,9.33
1714432863,359.0,9.33
1714432863,359.0,9.33
1714432863,359.0,9.33
1714432863,359.0,9.33
1714432863,359.0,9.33
1714432863,359.0,9.33
1714432863,359.0,9.33
1714432863,359.0,9.33
1714432863,359.0,9.33
1714432863,359.0,9.33
1714432863,359.0,9.33
1714432890,1.0,9.719
1714432890,1.0,9.719
1714432890,1.0,9.719
1714432890,1.0,9.719
1714432890,1.0,9.719
1714432890,1.0,9.719
1714432890,1.0,9.719
1714432890,1.0,9.719
1714432890,1.0,9.719
1714432890,1.0,9.719
1714432890,1.0,9.719
1714432890,1.0,9.719
1714432890,1.0,9.719
1714432890,1.0,9.719
1714432890,1.0,9.719
1714432890,1.0,9.719
1714432890,1.0,9.719
1714432890,1.0,9.719
1714432890,1.0,9.719
1714432890,1.0,9.719
1714432890,1.0,9.719
1714432890,1.0,9.719
1714432923,9.0,9.525
1714432923,9.0,9.525
1714432923,9.0,9.525
1714432923,9.0,9.525
1714432923,9.0,9.525
1714432983,6.0,8.747
1714432983,6.0,8.747
1714432983,6.0,8.747
1714432983,6.0,8.747
1714432983,6.0,8.747
1714432983,6.0,8.747
1714432983,6.0,8.747
1714432983,6.0,8.747
1714432983,6.0,8.747
1714432983,6.0,8.747
1714432983,6.0,8.747
1714432983,6.0,8.747
1714432983,6.0,8.747
1714432983,6.0,8.747
1714432983,6.0,8.747
1714432983,6.0,8.747
1714432983,6.0,8.747
1714432983,6.0,8.747
1714432983,6.0,8.747
1714432983,6.0,8.747
1714432983,6.0,8.747
1714432983,6.0,8.747
1714432983,6.0,8.747
1714433010,1.0,11.08
1714433010,1.0,11.08
1714433010,1.0,11.08
1714433010,1.0,11.08
1714433010,1.0,11.08
1714433010,1.0,11.08
1714433010,1.0,11.08
1714433010,1.0,11.08
1714433010,1.0,11.08
1714433010,1.0,11.08
1714433010,1.0,11.08
1714433010,1.0,11.08
1714433010,1.0,11.08
1714433010,1.0,11.08
1714433010,1.0,11.08
1714433010,1.0,11.08
1714433010,1.0,11.08
1714433010,1.0,11.08
1714433010,1.0,11.08
1714433010,1.0,11.08
1714433010,1.0,11.08
1714433010,1.0,11.08
1714433100,16.0,8.358
1714433100,16.0,8.358
1714433100,16.0,8.358
1714433100,16.0,8.358
1714433100,16.0,8.358
1714433100,16.0,8.358
1714433100,16.0,8.358
1714433100,16.0,8.358
1714433100,16.0,8.358
1714433100,16.0,8.358
1714433100,16.0,8.358
1714433100,16.0,8.358
1714433100,16.0,8.358
1714433100,16.0,8.358
1714433100,16.0,8.358
1714433100,16.0,8.358
1714433136,20.0,7.581
1714433136,20.0,7.581
1714433136,20.0,7.581
1714433136,20.0,7.581
1714433136,20.0,7.581
1714433136,20.0,7.581
1714433136,20.0,7.581
1714433136,20.0,7.581
1714433136,20.0,7.581
1714433136,20.0,7.581
1714433136,20.0,7.581
1714433136,20.0,7.581
1714433136,20.0,7.581
1714433136,20.0,7.581
1714433136,20.0,7.581
1714433166,16.0,6.22
1714433166,16.0,6.22
1714433166,16.0,6.22
1714433166,16.0,6.22
1714433166,16.0,6.22
1714433196,26.0,10.108
1714433196,26.0,10.108
1714433196,26.0,10.108
1714433196,26.0,10.108
1714433196,26.0,10.108
1714433196,26.0,10.108
1714433196,26.0,10.108
1714433196,26.0,10.108
1714433196,26.0,10.108
1714433196,26.0,10.108
1714433226,20.0,10.108
1714433226,20.0,10.108
1714433226,20.0,10.108
1714433226,20.0,10.108
1714433226,20.0,10.108
1714433226,20.0,10.108
1714433226,20.0,10.108
1714433226,20.0,10.108
1714433226,20.0,10.108
1714433346,24.0,9.719
1714433346,24.0,9.719
1714433346,24.0,9.719
