1714423197.0,34.0,7.775
1714423197.0,34.0,7.775
1714423197.0,34.0,7.775
1714423197.0,34.0,7.775
1714423197.0,34.0,7.775
1714423197.0,34.0,7.775
1714423227.0,36.0,9.913
1714423227.0,36.0,9.913
1714423227.0,36.0,9.913
1714423227.0,36.0,9.913
1714423227.0,36.0,9.913
1714423227.0,36.0,9.913
1714423227.0,36.0,9.913
1714423227.0,36.0,9.913
1714423227.0,36.0,9.913
1714423227.0,36.0,9.913
1714423227.0,36.0,9.913
1714423227.0,36.0,9.913
1714423227.0,36.0,9.913
1714423227.0,36.0,9.913
1714423227.0,36.0,9.913
1714423227.0,36.0,9.913
1714423227.0,36.0,9.913
1714423227.0,36.0,9.913
1714423227.0,36.0,9.913
1714423227.0,36.0,9.913
1714423227.0,36.0,9.913
1714423227.0,36.0,9.913
1714423227.0,36.0,9.913
1714423227.0,36.0,9.913
1714423227.0,36.0,9.913
1714423227.0,36.0,9.913
1714423227.0,36.0,9.913
1714423227.0,36.0,9.913
1714423227.0,36.0,9.913
1714423227.0,36.0,9.913
1714423227.0,36.0,9.913
1714423260.0,25.0,5.831
1714423260.0,25.0,5.831
1714423260.0,25.0,5.831
1714423260.0,25.0,5.831
1714423260.0,25.0,5.831
1714423260.0,25.0,5.831
1714423260.0,25.0,5.831
1714423320.0,24.0,10.108
1714423320.0,24.0,10.108
1714423320.0,24.0,10.108
1714423320.0,24.0,10.108
1714423320.0,24.0,10.108
1714423320.0,24.0,10.108
1714423320.0,24.0,10.108
1714423320.0,24.0,10.108
1714423320.0,24.0,10.108
1714423320.0,24.0,10.108
1714423320.0,24.0,10.108
1714423320.0,24.0,10.108
1714423320.0,24.0,10.108
1714423320.0,24.0,10.108
1714423350.0,41.0,9.913
1714423350.0,41.0,9.913
1714423350.0,41.0,9.913
1714423350.0,41.0,9.913
1714423350.0,41.0,9.913
1714423350.0,41.0,9.913
1714423350.0,41.0,9.913
1714423350.0,41.0,9.913
1714423350.0,41.0,9.913
1714423350.0,41.0,9.913
1714423350.0,41.0,9.913
1714423350.0,41.0,9.913
1714423350.0,41.0,9.913
1714423350.0,41.0,9.913
1714423350.0,41.0,9.913
1714423350.0,41.0,9.913
1714423350.0,41.0,9.913
1714423350.0,41.0,9.913
1714423350.0,41.0,9.913
1714423350.0,41.0,9.913
1714423350.0,41.0,9.913
1714423350.0,41.0,9.913
1714423350.0,41.0,9.913
1714423350.0,41.0,9.913
1714423350.0,41.0,9.913
1714423350.0,41.0,9.913
1714423350.0,41.0,9.913
1714423350.0,41.0,9.913
1714423350.0,41.0,9.913
1714423350.0,41.0,9.913
1714423380.0,30.0,8.553
1714423380.0,30.0,8.553
1714423380.0,30.0,8.553
1714423380.0,30.0,8.553
1714423380.0,30.0,8.553
1714423380.0,30.0,8.553
1714423380.0,30.0,8.553
1714423380.0,30.0,8.553
1714423380.0,30.0,8.553
1714423380.0,30.0,8.553
1714423380.0,30.0,8.553
1714423380.0,30.0,8.553
1714423380.0,30.0,8.553
1714423380.0,30.0,8.553
1714423380.0,30.0,8.553
1714423380.0,30.0,8.553
1714423380.0,30.0,8.553
1714423380.0,30.0,8.553
1714423380.0,30.0,8.553
1714423380.0,30.0,8.553
1714423380.0,30.0,8.553
1714423380.0,30.0,8.553
1714423380.0,30.0,8.553
1714423380.0,30.0,8.553
1714423380.0,30.0,8.553
1714423380.0,30.0,8.553
1714423380.0,30.0,8.553
1714423380.0,30.0,8.553
1714423380.0,30.0,8.553
1714423380.0,30.0,8.553
1714423380.0,30.0,8.553
1714423410.0,31.0,10.302
1714423410.0,31.0,10.302
1714423410.0,31.0,10.302
1714423410.0,31.0,10.302
1714423410.0,31.0,10.302
1714423410.0,31.0,10.302
1714423410.0,31.0,10.302
1714423410.0,31.0,10.302
1714423410.0,31.0,10.302
1714423410.0,31.0,10.302
1714423410.0,31.0,10.302
1714423410.0,31.0,10.302
1714423410.0,31.0,10.302
1714423410.0,31.0,10.302
1714423410.0,31.0,10.302
1714423410.0,31.0,10.302
1714423410.0,31.0,10.302
1714423410.0,31.0,10.302
1714423410.0,31.0,10.302
1714423410.0,31.0,10.302
1714423410.0,31.0,10.302
1714423410.0,31.0,10.302
1714423410.0,31.0,10.302
1714423410.0,31.0,10.302
1714423410.0,31.0,10.302
1714423410.0,31.0,10.302
1714423410.0,31.0,10.302
1714423410.0,31.0,10.302
1714423410.0,31.0,10.302
1714423410.0,31.0,10.302
1714423410.0,31.0,10.302
1714423410.0,31.0,10.302
1714423410.0,31.0,10.302
1714423443.0,45.0,10.302
1714423443.0,45.0,10.302
1714423443.0,45.0,10.302
1714423443.0,45.0,10.302
1714423443.0,45.0,10.302
1714423443.0,45.0,10.302
1714423443.0,45.0,10.302
1714423443.0,45.0,10.302
1714423443.0,45.0,10.302
1714423443.0,45.0,10.302
1714423443.0,45.0,10.302
1714423443.0,45.0,10.302
1714423443.0,45.0,10.302
1714423443.0,45.0,10.302
1714423443.0,45.0,10.302
1714423443.0,45.0,10.302
1714423443.0,45.0,10.302
1714423443.0,45.0,10.302
1714423443.0,45.0,10.302
1714423443.0,45.0,10.302
1714423443.0,45.0,10.302
1714423443.0,45.0,10.302
1714423443.0,45.0,10.302
1714423443.0,45.0,10.302
1714423443.0,45.0,10.302
1714423443.0,45.0,10.302
1714423443.0,45.0,10.302
1714423470.0,29.0,8.941
1714423470.0,29.0,8.941
1714423470.0,29.0,8.941
1714423470.0,29.0,8.941
1714423470.0,29.0,8.941
1714423470.0,29.0,8.941
1714423470.0,29.0,8.941
1714423470.0,29.0,8.941
1714423470.0,29.0,8.941
1714423470.0,29.0,8.941
1714423470.0,29.0,8.941
1714423470.0,29.0,8.941
1714423470.0,29.0,8.941
1714423470.0,29.0,8.941
1714423470.0,29.0,8.941
1714423470.0,29.0,8.941
1714423470.0,29.0,8.941
1714423470.0,29.0,8.941
1714423470.0,29.0,8.941
1714423470.0,29.0,8.941
1714423470.0,29.0,8.941
1714423470.0,29.0,8.941
1714423470.0,29.0,8.941
1714423470.0,29.0,8.941
1714423470.0,29.0,8.941
1714423470.0,29.0,8.941
1714423470.0,29.0,8.941
1714423470.0,29.0,8.941
1714423470.0,29.0,8.941
1714423470.0,29.0,8.941
1714423500.0,21.0,8.358
1714423500.0,21.0,8.358
1714423500.0,21.0,8.358
1714423500.0,21.0,8.358
1714423500.0,21.0,8.358
1714423500.0,21.0,8.358
1714423500.0,21.0,8.358
1714423500.0,21.0,8.358
1714423500.0,21.0,8.358
1714423500.0,21.0,8.358
1714423500.0,21.0,8.358
1714423500.0,21.0,8.358
1714423500.0,21.0,8.358
1714423500.0,21.0,8.358
1714423500.0,21.0,8.358
1714423500.0,21.0,8.358
1714423500.0,21.0,8.358
1714423500.0,21.0,8.358
1714423500.0,21.0,8.358
1714423500.0,21.0,8.358
1714423500.0,21.0,8.358
1714423500.0,21.0,8.358
1714423500.0,21.0,8.358
1714423500.0,21.0,8.358
1714423500.0,21.0,8.358
1714423500.0,21.0,8.358
1714423500.0,21.0,8.358
1714423500.0,21.0,8.358
1714423500.0,21.0,8.358
1714423500.0,21.0,8.358
1714423500.0,21.0,8.358
1714423530.0,26.0,6.998
1714423530.0,26.0,6.998
1714423530.0,26.0,6.998
1714423530.0,26.0,6.998
1714423530.0,26.0,6.998
1714423530.0,26.0,6.998
1714423530.0,26.0,6.998
1714423530.0,26.0,6.998
1714423530.0,26.0,6.998
1714423530.0,26.0,6.998
1714423530.0,26.0,6.998
1714423530.0,26.0,6.998
1714423530.0,26.0,6.998
1714423530.0,26.0,6.998
1714423530.0,26.0,6.998
1714423530.0,26.0,6.998
1714423530.0,26.0,6.998
1714423530.0,26.0,6.998
1714423530.0,26.0,6.998
1714423530.0,26.0,6.998
1714423530.0,26.0,6.998
1714423530.0,26.0,6.998
1714423530.0,26.0,6.998
1714423530.0,26.0,6.998
1714423530.0,26.0,6.998
1714423530.0,26.0,6.998
1714423530.0,26.0,6.998
1714423530.0,26.0,6.998
1714423530.0,26.0,6.998
1714423530.0,26.0,6.998
1714423530.0,26.0,6.998
1714423530.0,26.0,6.998
1714423530.0,26.0,6.998
1714423563.0,48.0,8.164
1714423563.0,48.0,8.164
1714423563.0,48.0,8.164
1714423563.0,48.0,8.164
1714423563.0,48.0,8.164
1714423563.0,48.0,8.164
1714423563.0,48.0,8.164
1714423563.0,48.0,8.164
1714423563.0,48.0,8.164
1714423563.0,48.0,8.164
1714423563.0,48.0,8.164
1714423563.0,48.0,8.164
1714423563.0,48.0,8.164
1714423563.0,48.0,8.164
1714423563.0,48.0,8.164
1714423563.0,48.0,8.164
1714423563.0,48.0,8.164
1714423563.0,48.0,8.164
1714423563.0,48.0,8.164
1714423563.0,48.0,8.164
1714423563.0,48.0,8.164
1714423563.0,48.0,8.164
1714423563.0,48.0,8.164
1714423563.0,48.0,8.164
1714423563.0,48.0,8.164
1714423563.0,48.0,8.164
1714423563.0,48.0,8.164
1714423563.0,48.0,8.164
1714423563.0,48.0,8.164
1714423563.0,48.0,8.164
1714423596.0,42.0,9.33
1714423596.0,42.0,9.33
1714423596.0,42.0,9.33
1714423596.0,42.0,9.33
1714423596.0,42.0,9.33
1714423596.0,42.0,9.33
1714423596.0,42.0,9.33
1714423596.0,42.0,9.33
1714423596.0,42.0,9.33
1714423596.0,42.0,9.33
1714423596.0,42.0,9.33
1714423596.0,42.0,9.33
1714423596.0,42.0,9.33
1714423596.0,42.0,9.33
1714423596.0,42.0,9.33
1714423596.0,42.0,9.33
1714423596.0,42.0,9.33
1714423596.0,42.0,9.33
1714423596.0,42.0,9.33
1714423596.0,42.0,9.33
1714423596.0,42.0,9.33
1714423596.0,42.0,9.33
1714423596.0,42.0,9.33
1714423596.0,42.0,9.33
1714423596.0,42.0,9.33
1714423596.0,42.0,9.33
1714423596.0,42.0,9.33
1714423596.0,42.0,9.33
1714423596.0,42.0,9.33
1714423596.0,42.0,9.33
1714423596.0,42.0,9.33
1714423596.0,42.0,9.33
1714423596.0,42.0,9.33
1714423596.0,42.0,9.33
1714423629.0,34.0,10.691
1714423629.0,34.0,10.691
1714423629.0,34.0,10.691
1714423629.0,34.0,10.691
1714423629.0,34.0,10.691
1714423629.0,34.0,10.691
1714423629.0,34.0,10.691
1714423629.0,34.0,10.691
1714423629.0,34.0,10.691
1714423629.0,34.0,10.691
1714423629.0,34.0,10.691
1714423629.0,34.0,10.691
1714423629.0,34.0,10.691
1714423629.0,34.0,10.691
1714423629.0,34.0,10.691
1714423629.0,34.0,10.691
1714423629.0,34.0,10.691
1714423629.0,34.0,10.691
1714423629.0,34.0,10.691
1714423629.0,34.0,10.691
1714423629.0,34.0,10.691
1714423629.0,34.0,10.691
1714423629.0,34.0,10.691
1714423629.0,34.0,10.691
1714423629.0,34.0,10.691
1714423629.0,34.0,10.691
1714423629.0,34.0,10.691
1714423629.0,34.0,10.691
1714423629.0,34.0,10.691
1714423629.0,34.0,10.691
1714423629.0,34.0,10.691
1714423629.0,34.0,10.691
1714423629.0,34.0,10.691
1714423662.0,25.0,7.581
1714423662.0,25.0,7.581
1714423662.0,25.0,7.581
1714423662.0,25.0,7.581
1714423662.0,25.0,7.581
1714423662.0,25.0,7.581
1714423662.0,25.0,7.581
1714423662.0,25.0,7.581
1714423662.0,25.0,7.581
1714423662.0,25.0,7.581
1714423662.0,25.0,7.581
1714423662.0,25.0,7.581
1714423662.0,25.0,7.581
1714423662.0,25.0,7.581
1714423662.0,25.0,7.581
1714423662.0,25.0,7.581
1714423662.0,25.0,7.581
1714423662.0,25.0,7.581
1714423662.0,25.0,7.581
1714423662.0,25.0,7.581
1714423662.0,25.0,7.581
1714423662.0,25.0,7.581
1714423662.0,25.0,7.581
1714423662.0,25.0,7.581
1714423662.0,25.0,7.581
1714423662.0,25.0,7.581
1714423662.0,25.0,7.581
1714423662.0,25.0,7.581
1714423662.0,25.0,7.581
1714423662.0,25.0,7.581
1714423662.0,25.0,7.581
1714423662.0,25.0,7.581
1714423662.0,25.0,7.581
1714423695.0,27.0,9.525
1714423695.0,27.0,9.525
1714423695.0,27.0,9.525
1714423695.0,27.0,9.525
1714423695.0,27.0,9.525
1714423695.0,27.0,9.525
1714423695.0,27.0,9.525
1714423695.0,27.0,9.525
1714423695.0,27.0,9.525
1714423695.0,27.0,9.525
1714423695.0,27.0,9.525
1714423695.0,27.0,9.525
1714423695.0,27.0,9.525
1714423695.0,27.0,9.525
1714423695.0,27.0,9.525
1714423695.0,27.0,9.525
1714423695.0,27.0,9.525
1714423695.0,27.0,9.525
1714423695.0,27.0,9.525
1714423695.0,27.0,9.525
1714423695.0,27.0,9.525
1714423695.0,27.0,9.525
1714423695.0,27.0,9.525
1714423695.0,27.0,9.525
1714423695.0,27.0,9.525
1714423695.0,27.0,9.525
1714423695.0,27.0,9.525
1714423695.0,27.0,9.525
1714423695.0,27.0,9.525
1714423695.0,27.0,9.525
1714423695.0,27.0,9.525
1714423725.0,60.0,8.941
1714423725.0,60.0,8.941
1714423725.0,60.0,8.941
1714423725.0,60.0,8.941
1714423725.0,60.0,8.941
1714423725.0,60.0,8.941
1714423725.0,60.0,8.941
1714423725.0,60.0,8.941
1714423725.0,60.0,8.941
1714423725.0,60.0,8.941
1714423725.0,60.0,8.941
1714423725.0,60.0,8.941
1714423725.0,60.0,8.941
1714423725.0,60.0,8.941
1714423725.0,60.0,8.941
1714423725.0,60.0,8.941
1714423725.0,60.0,8.941
1714423725.0,60.0,8.941
1714423725.0,60.0,8.941
1714423725.0,60.0,8.941
1714423725.0,60.0,8.941
1714423725.0,60.0,8.941
1714423725.0,60.0,8.941
1714423725.0,60.0,8.941
1714423725.0,60.0,8.941
1714423725.0,60.0,8.941
1714423725.0,60.0,8.941
1714423725.0,60.0,8.941
1714423725.0,60.0,8.941
1714423725.0,60.0,8.941
1714423755.0,70.0,8.747
1714423755.0,70.0,8.747
1714423755.0,70.0,8.747
1714423755.0,70.0,8.747
1714423755.0,70.0,8.747
1714423755.0,70.0,8.747
1714423755.0,70.0,8.747
1714423755.0,70.0,8.747
1714423755.0,70.0,8.747
1714423755.0,70.0,8.747
1714423755.0,70.0,8.747
1714423755.0,70.0,8.747
1714423755.0,70.0,8.747
1714423755.0,70.0,8.747
1714423755.0,70.0,8.747
1714423755.0,70.0,8.747
1714423755.0,70.0,8.747
1714423755.0,70.0,8.747
1714423755.0,70.0,8.747
1714423755.0,70.0,8.747
1714423755.0,70.0,8.747
1714423755.0,70.0,8.747
1714423755.0,70.0,8.747
1714423755.0,70.0,8.747
1714423755.0,70.0,8.747
1714423755.0,70.0,8.747
1714423755.0,70.0,8.747
1714423782.0,49.0,9.525
1714423782.0,49.0,9.525
1714423782.0,49.0,9.525
1714423782.0,49.0,9.525
1714423782.0,49.0,9.525
1714423782.0,49.0,9.525
1714423782.0,49.0,9.525
1714423782.0,49.0,9.525
1714423782.0,49.0,9.525
1714423782.0,49.0,9.525
1714423782.0,49.0,9.525
1714423782.0,49.0,9.525
1714423782.0,49.0,9.525
1714423782.0,49.0,9.525
1714423782.0,49.0,9.525
1714423782.0,49.0,9.525
1714423782.0,49.0,9.525
1714423782.0,49.0,9.525
1714423782.0,49.0,9.525
1714423782.0,49.0,9.525
1714423782.0,49.0,9.525
1714423782.0,49.0,9.525
1714423782.0,49.0,9.525
1714423782.0,49.0,9.525
1714423782.0,49.0,9.525
1714423782.0,49.0,9.525
1714423782.0,49.0,9.525
1714423782.0,49.0,9.525
1714423782.0,49.0,9.525
1714423782.0,49.0,9.525
1714423782.0,49.0,9.525
1714423782.0,49.0,9.525
1714423782.0,49.0,9.525
1714423782.0,49.0,9.525
1714423782.0,49.0,9.525
1714423782.0,49.0,9.525
1714423782.0,49.0,9.525
1714423782.0,49.0,9.525
1714423821.0,58.0,9.913
1714423821.0,58.0,9.913
1714423821.0,58.0,9.913
1714423821.0,58.0,9.913
1714423821.0,58.0,9.913
1714423821.0,58.0,9.913
1714423821.0,58.0,9.913
1714423821.0,58.0,9.913
1714423821.0,58.0,9.913
1714423821.0,58.0,9.913
1714423821.0,58.0,9.913
1714423821.0,58.0,9.913
1714423821.0,58.0,9.913
1714423821.0,58.0,9.913
1714423821.0,58.0,9.913
1714423821.0,58.0,9.913
1714423821.0,58.0,9.913
1714423821.0,58.0,9.913
1714423821.0,58.0,9.913
1714423821.0,58.0,9.913
1714423821.0,58.0,9.913
1714423821.0,58.0,9.913
1714423821.0,58.0,9.913
1714423821.0,58.0,9.913
1714423821.0,58.0,9.913
1714423821.0,58.0,9.913
1714423821.0,58.0,9.913
1714423821.0,58.0,9.913
1714423821.0,58.0,9.913
1714423821.0,58.0,9.913
1714423851.0,67.0,11.274
1714423851.0,67.0,11.274
1714423851.0,67.0,11.274
1714423851.0,67.0,11.274
1714423851.0,67.0,11.274
1714423851.0,67.0,11.274
1714423851.0,67.0,11.274
1714423851.0,67.0,11.274
1714423851.0,67.0,11.274
1714423851.0,67.0,11.274
1714423851.0,67.0,11.274
1714423851.0,67.0,11.274
1714423851.0,67.0,11.274
1714423851.0,67.0,11.274
1714423851.0,67.0,11.274
1714423851.0,67.0,11.274
1714423851.0,67.0,11.274
1714423851.0,67.0,11.274
1714423851.0,67.0,11.274
1714423851.0,67.0,11.274
1714423851.0,67.0,11.274
1714423851.0,67.0,11.274
1714423851.0,67.0,11.274
1714423851.0,67.0,11.274
1714423851.0,67.0,11.274
1714423851.0,67.0,11.274
1714423851.0,67.0,11.274
1714423851.0,67.0,11.274
1714423851.0,67.0,11.274
1714423851.0,67.0,11.274
1714423851.0,67.0,11.274
1714423881.0,63.0,8.553
1714423881.0,63.0,8.553
1714423881.0,63.0,8.553
1714423881.0,63.0,8.553
1714423881.0,63.0,8.553
1714423881.0,63.0,8.553
1714423881.0,63.0,8.553
1714423881.0,63.0,8.553
1714423881.0,63.0,8.553
1714423881.0,63.0,8.553
1714423881.0,63.0,8.553
1714423881.0,63.0,8.553
1714423881.0,63.0,8.553
1714423881.0,63.0,8.553
1714423881.0,63.0,8.553
1714423881.0,63.0,8.553
1714423881.0,63.0,8.553
1714423881.0,63.0,8.553
1714423881.0,63.0,8.553
1714423881.0,63.0,8.553
1714423881.0,63.0,8.553
1714423881.0,63.0,8.553
1714423881.0,63.0,8.553
1714423881.0,63.0,8.553
1714423881.0,63.0,8.553
1714423881.0,63.0,8.553
1714423881.0,63.0,8.553
1714423881.0,63.0,8.553
1714423881.0,63.0,8.553
1714423881.0,63.0,8.553
1714423881.0,63.0,8.553
1714423914.0,41.0,7.386
1714423914.0,41.0,7.386
1714423914.0,41.0,7.386
1714423914.0,41.0,7.386
1714423914.0,41.0,7.386
1714423914.0,41.0,7.386
1714423914.0,41.0,7.386
1714423914.0,41.0,7.386
1714423914.0,41.0,7.386
1714423914.0,41.0,7.386
1714423914.0,41.0,7.386
1714423914.0,41.0,7.386
1714423914.0,41.0,7.386
1714423914.0,41.0,7.386
1714423914.0,41.0,7.386
1714423914.0,41.0,7.386
1714423914.0,41.0,7.386
1714423914.0,41.0,7.386
1714423914.0,41.0,7.386
1714423914.0,41.0,7.386
1714423914.0,41.0,7.386
1714423914.0,41.0,7.386
1714423914.0,41.0,7.386
1714423914.0,41.0,7.386
1714423914.0,41.0,7.386
1714423914.0,41.0,7.386
1714423914.0,41.0,7.386
1714423914.0,41.0,7.386
1714423914.0,41.0,7.386
1714423914.0,41.0,7.386
1714423914.0,41.0,7.386
1714423944.0,58.0,7.775
1714423944.0,58.0,7.775
1714423944.0,58.0,7.775
1714423944.0,58.0,7.775
1714423944.0,58.0,7.775
1714423944.0,58.0,7.775
1714423944.0,58.0,7.775
1714423944.0,58.0,7.775
1714423944.0,58.0,7.775
1714423944.0,58.0,7.775
1714423944.0,58.0,7.775
1714423944.0,58.0,7.775
1714423944.0,58.0,7.775
1714423944.0,58.0,7.775
1714423944.0,58.0,7.775
1714423944.0,58.0,7.775
1714423944.0,58.0,7.775
1714423944.0,58.0,7.775
1714423944.0,58.0,7.775
1714423944.0,58.0,7.775
1714423944.0,58.0,7.775
1714423944.0,58.0,7.775
1714423944.0,58.0,7.775
1714423944.0,58.0,7.775
1714423944.0,58.0,7.775
1714423944.0,58.0,7.775
1714423944.0,58.0,7.775
1714423944.0,58.0,7.775
1714423944.0,58.0,7.775
1714423944.0,58.0,7.775
1714423944.0,58.0,7.775
1714423944.0,58.0,7.775
1714423944.0,58.0,7.775
1714423977.0,65.0,13.801
1714423977.0,65.0,13.801
1714423977.0,65.0,13.801
1714423977.0,65.0,13.801
1714423977.0,65.0,13.801
1714424004.0,56.0,9.136
1714424004.0,56.0,9.136
1714424004.0,56.0,9.136
1714424004.0,56.0,9.136
1714424004.0,56.0,9.136
1714424004.0,56.0,9.136
1714424004.0,56.0,9.136
1714424004.0,56.0,9.136
1714424004.0,56.0,9.136
1714424004.0,56.0,9.136
1714424004.0,56.0,9.136
1714424004.0,56.0,9.136
1714424037.0,61.0,11.274
1714424037.0,61.0,11.274
1714424037.0,61.0,11.274
1714424037.0,61.0,11.274
1714424037.0,61.0,11.274
1714424037.0,61.0,11.274
1714424037.0,61.0,11.274
1714424037.0,61.0,11.274
1714424037.0,61.0,11.274
1714424037.0,61.0,11.274
1714424037.0,61.0,11.274
1714424037.0,61.0,11.274
1714424037.0,61.0,11.274
1714424037.0,61.0,11.274
1714424037.0,61.0,11.274
1714424037.0,61.0,11.274
1714424037.0,61.0,11.274
1714424037.0,61.0,11.274
1714424037.0,61.0,11.274
1714424037.0,61.0,11.274
1714424037.0,61.0,11.274
1714424037.0,61.0,11.274
1714424037.0,61.0,11.274
1714424037.0,61.0,11.274
1714424037.0,61.0,11.274
1714424037.0,61.0,11.274
1714424037.0,61.0,11.274
1714424037.0,61.0,11.274
1714424064.0,63.0,11.274
1714424064.0,63.0,11.274
1714424064.0,63.0,11.274
1714424064.0,63.0,11.274
1714424064.0,63.0,11.274
1714424064.0,63.0,11.274
1714424064.0,63.0,11.274
1714424064.0,63.0,11.274
1714424064.0,63.0,11.274
1714424064.0,63.0,11.274
1714424064.0,63.0,11.274
1714424064.0,63.0,11.274
1714424064.0,63.0,11.274
1714424064.0,63.0,11.274
1714424064.0,63.0,11.274
1714424064.0,63.0,11.274
1714424064.0,63.0,11.274
1714424064.0,63.0,11.274
1714424064.0,63.0,11.274
1714424064.0,63.0,11.274
1714424064.0,63.0,11.274
1714424064.0,63.0,11.274
1714424064.0,63.0,11.274
1714424064.0,63.0,11.274
1714424091.0,46.0,12.635
1714424091.0,46.0,12.635
1714424091.0,46.0,12.635
1714424124.0,68.0,12.44
1714424124.0,68.0,12.44
1714424151.0,56.0,10.691
1714424151.0,56.0,10.691
1714424151.0,56.0,10.691
1714424151.0,56.0,10.691
1714424151.0,56.0,10.691
1714424181.0,72.0,11.08
1714424181.0,72.0,11.08
1714424181.0,72.0,11.08
1714424181.0,72.0,11.08
1714424181.0,72.0,11.08
1714424181.0,72.0,11.08
1714424181.0,72.0,11.08
1714424181.0,72.0,11.08
1714424211.0,75.0,13.218
1714424211.0,75.0,13.218
1714424211.0,75.0,13.218
1714424241.0,66.0,10.108
1714424241.0,66.0,10.108
1714424241.0,66.0,10.108
1714424241.0,66.0,10.108
1714424241.0,66.0,10.108
1714424241.0,66.0,10.108
1714424241.0,66.0,10.108
1714424271.0,84.0,8.164
1714424271.0,84.0,8.164
1714424298.0,58.0,8.747
1714424298.0,58.0,8.747
1714424298.0,58.0,8.747
1714424328.0,65.0,8.747
1714424328.0,65.0,8.747
1714424328.0,65.0,8.747
1714424358.0,68.0,11.08
1714424358.0,68.0,11.08
1714424388.0,78.0,12.052
1714424388.0,78.0,12.052
1714424388.0,78.0,12.052
1714424388.0,78.0,12.052
1714424388.0,78.0,12.052
1714424388.0,78.0,12.052
1714424388.0,78.0,12.052
1714424388.0,78.0,12.052
1714424388.0,78.0,12.052
1714424388.0,78.0,12.052
1714424388.0,78.0,12.052
1714424388.0,78.0,12.052
1714424424.0,62.0,12.829
1714424424.0,62.0,12.829
1714424424.0,62.0,12.829
1714424424.0,62.0,12.829
1714424424.0,62.0,12.829
1714424424.0,62.0,12.829
1714424424.0,62.0,12.829
1714424424.0,62.0,12.829
1714424424.0,62.0,12.829
1714424424.0,62.0,12.829
1714424424.0,62.0,12.829
1714424424.0,62.0,12.829
1714424424.0,62.0,12.829
1714424424.0,62.0,12.829
1714424424.0,62.0,12.829
1714424424.0,62.0,12.829
1714424424.0,62.0,12.829
1714424424.0,62.0,12.829
1714424424.0,62.0,12.829
1714424424.0,62.0,12.829
1714424424.0,62.0,12.829
1714424424.0,62.0,12.829
1714424424.0,62.0,12.829
1714424424.0,62.0,12.829
1714424424.0,62.0,12.829
1714424424.0,62.0,12.829
1714424424.0,62.0,12.829
1714424424.0,62.0,12.829
1714424424.0,62.0,12.829
1714424424.0,62.0,12.829
1714424424.0,62.0,12.829
1714424454.0,67.0,10.497
1714424454.0,67.0,10.497
1714424454.0,67.0,10.497
1714424454.0,67.0,10.497
1714424454.0,67.0,10.497
1714424454.0,67.0,10.497
1714424454.0,67.0,10.497
1714424454.0,67.0,10.497
1714424454.0,67.0,10.497
1714424454.0,67.0,10.497
1714424454.0,67.0,10.497
1714424454.0,67.0,10.497
1714424454.0,67.0,10.497
1714424454.0,67.0,10.497
1714424454.0,67.0,10.497
1714424454.0,67.0,10.497
1714424454.0,67.0,10.497
1714424454.0,67.0,10.497
1714424454.0,67.0,10.497
1714424454.0,67.0,10.497
1714424454.0,67.0,10.497
1714424454.0,67.0,10.497
1714424454.0,67.0,10.497
1714424454.0,67.0,10.497
1714424454.0,67.0,10.497
1714424454.0,67.0,10.497
1714424454.0,67.0,10.497
1714424484.0,68.0,10.108
1714424484.0,68.0,10.108
1714424484.0,68.0,10.108
1714424484.0,68.0,10.108
1714424484.0,68.0,10.108
1714424484.0,68.0,10.108
1714424484.0,68.0,10.108
1714424484.0,68.0,10.108
1714424514.0,69.0,9.913
1714424514.0,69.0,9.913
1714424514.0,69.0,9.913
1714424514.0,69.0,9.913
1714424514.0,69.0,9.913
1714424514.0,69.0,9.913
1714424514.0,69.0,9.913
1714424514.0,69.0,9.913
1714424514.0,69.0,9.913
1714424514.0,69.0,9.913
1714424541.0,46.0,8.941
1714424541.0,46.0,8.941
1714424541.0,46.0,8.941
1714424541.0,46.0,8.941
1714424541.0,46.0,8.941
1714424541.0,46.0,8.941
1714424580.0,41.0,8.747
1714424580.0,41.0,8.747
1714424580.0,41.0,8.747
1714424580.0,41.0,8.747
1714424580.0,41.0,8.747
1714424580.0,41.0,8.747
1714424580.0,41.0,8.747
1714424580.0,41.0,8.747
1714424607.0,36.0,8.164
1714424607.0,36.0,8.164
1714424607.0,36.0,8.164
1714424607.0,36.0,8.164
1714424607.0,36.0,8.164
1714424607.0,36.0,8.164
1714424607.0,36.0,8.164
1714424607.0,36.0,8.164
1714424640.0,38.0,9.525
1714424640.0,38.0,9.525
1714424640.0,38.0,9.525
1714424640.0,38.0,9.525
1714424640.0,38.0,9.525
1714424640.0,38.0,9.525
1714424640.0,38.0,9.525
1714424640.0,38.0,9.525
1714424640.0,38.0,9.525
1714424640.0,38.0,9.525
1714424640.0,38.0,9.525
1714424670.0,54.0,10.302
1714424670.0,54.0,10.302
1714424670.0,54.0,10.302
1714424670.0,54.0,10.302
1714424670.0,54.0,10.302
1714424670.0,54.0,10.302
1714424670.0,54.0,10.302
1714424670.0,54.0,10.302
1714424670.0,54.0,10.302
1714424670.0,54.0,10.302
1714424670.0,54.0,10.302
1714424670.0,54.0,10.302
1714424703.0,57.0,11.08
1714424703.0,57.0,11.08
1714424703.0,57.0,11.08
1714424703.0,57.0,11.08
1714424703.0,57.0,11.08
1714424703.0,57.0,11.08
1714424703.0,57.0,11.08
1714424703.0,57.0,11.08
1714424703.0,57.0,11.08
1714424703.0,57.0,11.08
1714424703.0,57.0,11.08
1714424733.0,54.0,8.747
1714424733.0,54.0,8.747
1714424733.0,54.0,8.747
1714424733.0,54.0,8.747
1714424733.0,54.0,8.747
1714424733.0,54.0,8.747
1714424733.0,54.0,8.747
1714424733.0,54.0,8.747
1714424733.0,54.0,8.747
1714424733.0,54.0,8.747
1714424733.0,54.0,8.747
1714424733.0,54.0,8.747
1714424733.0,54.0,8.747
1714424733.0,54.0,8.747
1714424733.0,54.0,8.747
1714424733.0,54.0,8.747
1714424733.0,54.0,8.747
1714424733.0,54.0,8.747
1714424733.0,54.0,8.747
1714424733.0,54.0,8.747
1714424733.0,54.0,8.747
1714424733.0,54.0,8.747
1714424733.0,54.0,8.747
1714424733.0,54.0,8.747
1714424733.0,54.0,8.747
1714424733.0,54.0,8.747
1714424733.0,54.0,8.747
1714424733.0,54.0,8.747
1714424733.0,54.0,8.747
1714424733.0,54.0,8.747
1714424733.0,54.0,8.747
1714424733.0,54.0,8.747
1714424733.0,54.0,8.747
1714424733.0,54.0,8.747
1714424766.0,49.0,8.747
1714424766.0,49.0,8.747
1714424766.0,49.0,8.747
1714424766.0,49.0,8.747
1714424766.0,49.0,8.747
1714424766.0,49.0,8.747
1714424766.0,49.0,8.747
1714424766.0,49.0,8.747
1714424766.0,49.0,8.747
1714424766.0,49.0,8.747
1714424766.0,49.0,8.747
1714424766.0,49.0,8.747
1714424766.0,49.0,8.747
1714424766.0,49.0,8.747
1714424766.0,49.0,8.747
1714424766.0,49.0,8.747
1714424766.0,49.0,8.747
1714424766.0,49.0,8.747
1714424766.0,49.0,8.747
1714424766.0,49.0,8.747
1714424766.0,49.0,8.747
1714424766.0,49.0,8.747
1714424766.0,49.0,8.747
1714424766.0,49.0,8.747
1714424766.0,49.0,8.747
1714424766.0,49.0,8.747
1714424766.0,49.0,8.747
1714424766.0,49.0,8.747
1714424766.0,49.0,8.747
1714424766.0,49.0,8.747
1714424766.0,49.0,8.747
1714424766.0,49.0,8.747
1714424766.0,49.0,8.747
1714424802.0,77.0,12.829
1714424802.0,77.0,12.829
1714424802.0,77.0,12.829
1714424802.0,77.0,12.829
1714424802.0,77.0,12.829
1714424802.0,77.0,12.829
1714424802.0,77.0,12.829
1714424802.0,77.0,12.829
1714424802.0,77.0,12.829
1714424802.0,77.0,12.829
1714424802.0,77.0,12.829
1714424802.0,77.0,12.829
1714424802.0,77.0,12.829
1714424802.0,77.0,12.829
1714424802.0,77.0,12.829
1714424802.0,77.0,12.829
1714424802.0,77.0,12.829
1714424802.0,77.0,12.829
1714424802.0,77.0,12.829
1714424802.0,77.0,12.829
1714424802.0,77.0,12.829
1714424802.0,77.0,12.829
1714424802.0,77.0,12.829
1714424802.0,77.0,12.829
1714424802.0,77.0,12.829
1714424802.0,77.0,12.829
1714424802.0,77.0,12.829
1714424802.0,77.0,12.829
1714424802.0,77.0,12.829
1714424802.0,77.0,12.829
1714424832.0,48.0,9.33
1714424832.0,48.0,9.33
1714424832.0,48.0,9.33
1714424832.0,48.0,9.33
1714424832.0,48.0,9.33
1714424832.0,48.0,9.33
1714424832.0,48.0,9.33
1714424832.0,48.0,9.33
1714424832.0,48.0,9.33
1714424832.0,48.0,9.33
1714424832.0,48.0,9.33
1714424832.0,48.0,9.33
1714424832.0,48.0,9.33
1714424832.0,48.0,9.33
1714424832.0,48.0,9.33
1714424832.0,48.0,9.33
1714424832.0,48.0,9.33
1714424832.0,48.0,9.33
1714424832.0,48.0,9.33
1714424832.0,48.0,9.33
1714424832.0,48.0,9.33
1714424832.0,48.0,9.33
1714424832.0,48.0,9.33
1714424832.0,48.0,9.33
1714424832.0,48.0,9.33
1714424832.0,48.0,9.33
1714424832.0,48.0,9.33
1714424832.0,48.0,9.33
1714424859.0,39.0,10.302
1714424859.0,39.0,10.302
1714424859.0,39.0,10.302
1714424859.0,39.0,10.302
1714424859.0,39.0,10.302
1714424859.0,39.0,10.302
1714424859.0,39.0,10.302
1714424859.0,39.0,10.302
1714424859.0,39.0,10.302
1714424859.0,39.0,10.302
1714424859.0,39.0,10.302
1714424859.0,39.0,10.302
1714424859.0,39.0,10.302
1714424859.0,39.0,10.302
1714424859.0,39.0,10.302
1714424859.0,39.0,10.302
1714424859.0,39.0,10.302
1714424859.0,39.0,10.302
1714424859.0,39.0,10.302
1714424859.0,39.0,10.302
1714424859.0,39.0,10.302
1714424859.0,39.0,10.302
1714424859.0,39.0,10.302
1714424859.0,39.0,10.302
1714424859.0,39.0,10.302
1714424859.0,39.0,10.302
1714424859.0,39.0,10.302
1714424859.0,39.0,10.302
1714424859.0,39.0,10.302
1714424859.0,39.0,10.302
1714424859.0,39.0,10.302
1714424859.0,39.0,10.302
1714424859.0,39.0,10.302
1714424859.0,39.0,10.302
1714424859.0,39.0,10.302
1714424859.0,39.0,10.302
1714424859.0,39.0,10.302
1714424895.0,53.0,8.358
1714424895.0,53.0,8.358
1714424895.0,53.0,8.358
1714424895.0,53.0,8.358
1714424895.0,53.0,8.358
1714424895.0,53.0,8.358
1714424895.0,53.0,8.358
1714424895.0,53.0,8.358
1714424895.0,53.0,8.358
1714424895.0,53.0,8.358
1714424895.0,53.0,8.358
1714424895.0,53.0,8.358
1714424895.0,53.0,8.358
1714424895.0,53.0,8.358
1714424895.0,53.0,8.358
1714424895.0,53.0,8.358
1714424895.0,53.0,8.358
1714424895.0,53.0,8.358
1714424895.0,53.0,8.358
1714424895.0,53.0,8.358
1714424895.0,53.0,8.358
1714424895.0,53.0,8.358
1714424895.0,53.0,8.358
1714424895.0,53.0,8.358
1714424895.0,53.0,8.358
1714424895.0,53.0,8.358
1714424895.0,53.0,8.358
1714424895.0,53.0,8.358
1714424895.0,53.0,8.358
1714424895.0,53.0,8.358
1714424895.0,53.0,8.358
1714424928.0,63.0,9.136
1714424928.0,63.0,9.136
1714424928.0,63.0,9.136
1714424928.0,63.0,9.136
1714424928.0,63.0,9.136
1714424928.0,63.0,9.136
1714424928.0,63.0,9.136
1714424928.0,63.0,9.136
1714424928.0,63.0,9.136
1714424928.0,63.0,9.136
1714424928.0,63.0,9.136
1714424928.0,63.0,9.136
1714424928.0,63.0,9.136
1714424928.0,63.0,9.136
1714424928.0,63.0,9.136
1714424928.0,63.0,9.136
1714424928.0,63.0,9.136
1714424928.0,63.0,9.136
1714424928.0,63.0,9.136
1714424928.0,63.0,9.136
1714424928.0,63.0,9.136
1714424928.0,63.0,9.136
1714424928.0,63.0,9.136
1714424928.0,63.0,9.136
1714424928.0,63.0,9.136
1714424928.0,63.0,9.136
1714424928.0,63.0,9.136
1714424928.0,63.0,9.136
1714424928.0,63.0,9.136
1714424928.0,63.0,9.136
1714424928.0,63.0,9.136
1714424958.0,55.0,8.553
1714424958.0,55.0,8.553
1714424958.0,55.0,8.553
1714424958.0,55.0,8.553
1714424958.0,55.0,8.553
1714424958.0,55.0,8.553
1714424958.0,55.0,8.553
1714424958.0,55.0,8.553
1714424958.0,55.0,8.553
1714424958.0,55.0,8.553
1714424958.0,55.0,8.553
1714424958.0,55.0,8.553
1714424958.0,55.0,8.553
1714424958.0,55.0,8.553
1714424958.0,55.0,8.553
1714424958.0,55.0,8.553
1714424958.0,55.0,8.553
1714424958.0,55.0,8.553
1714424958.0,55.0,8.553
1714424958.0,55.0,8.553
1714424958.0,55.0,8.553
1714424958.0,55.0,8.553
1714424958.0,55.0,8.553
1714424958.0,55.0,8.553
1714424958.0,55.0,8.553
1714424958.0,55.0,8.553
1714424958.0,55.0,8.553
1714424985.0,57.0,10.302
1714424985.0,57.0,10.302
1714424985.0,57.0,10.302
1714424985.0,57.0,10.302
1714424985.0,57.0,10.302
1714424985.0,57.0,10.302
1714424985.0,57.0,10.302
1714424985.0,57.0,10.302
1714424985.0,57.0,10.302
1714424985.0,57.0,10.302
1714424985.0,57.0,10.302
1714424985.0,57.0,10.302
1714424985.0,57.0,10.302
1714424985.0,57.0,10.302
1714424985.0,57.0,10.302
1714424985.0,57.0,10.302
1714424985.0,57.0,10.302
1714424985.0,57.0,10.302
1714424985.0,57.0,10.302
1714424985.0,57.0,10.302
1714424985.0,57.0,10.302
1714424985.0,57.0,10.302
1714424985.0,57.0,10.302
1714424985.0,57.0,10.302
1714424985.0,57.0,10.302
1714424985.0,57.0,10.302
1714424985.0,57.0,10.302
1714424985.0,57.0,10.302
1714424985.0,57.0,10.302
1714424985.0,57.0,10.302
1714424985.0,57.0,10.302
1714424985.0,57.0,10.302
1714424985.0,57.0,10.302
1714424985.0,57.0,10.302
1714424985.0,57.0,10.302
1714424985.0,57.0,10.302
1714424985.0,57.0,10.302
1714425021.0,50.0,10.885
1714425021.0,50.0,10.885
1714425021.0,50.0,10.885
1714425021.0,50.0,10.885
1714425021.0,50.0,10.885
1714425021.0,50.0,10.885
1714425021.0,50.0,10.885
1714425021.0,50.0,10.885
1714425021.0,50.0,10.885
1714425021.0,50.0,10.885
